 gamma=   0.100000001    
 tsteps =        1000
 N_part =          500
 threshold =    9.9999997764825821E-003
      250000  particles: cluster big data
 time :    2553.69189    
