 gamma=    1.00000000    
 tsteps =         500
 N_part =          200
 threshold =    9.9999997764825821E-003
       40000  particles: cluster big data
 time :    316.270996    
