 gamma=   0.100000001    
 tsteps =           5
 N_part =            2
 threshold =    9.9999997764825821E-003
           4  particles: cluster big data
 time :    1.47599995    
