 gamma=    1.00000000    
 tsteps =         500
 N_part =          500
 threshold =    9.9999997764825821E-003
      250000  particles: cluster big data
 time :    1316.00000    
