 gamma=   0.100000001    
      250000  particles: cluster big data
 time :    468.272003    
