 gamma=   0.100000001    
 tsteps =        1000
 N_part =          500
 threshold =    1.0000000474974513E-003
      250000  particles: cluster big data
 time :    4551.00684    
