 gamma=   0.100000001    
      250000  particles: cluster big data
 time :    2357.98804    
