 gamma=    0.00000000    
      250000  particles: cluster big data
 time :    2383.19092    
