 gamma=    1.00000000    
      250000  particles: cluster big data
 time :    2341.35791    
