 gamma=    1.00000000    
      250000  particles: cluster big data
 time :    3439.07690    
