 gamma=    1.00000000    
       40000  particles: cluster big data
 time :    218.625000    
